0.521353828909678 0.000635243896977 0.000054395410243 1.508942649221573 0.094878967483406 0.006143153658560 0.000008052596072 0.000000002211527 0.017163685879061 0.002750297511781 0.005438937720064 0.000000342132160 0.000000416458066 0.032457954320886 0.000067436602487 0.032108830374252 0.000047663011444 0.000024732847777 0.125621698889686 0.018020559814581 0.335057357675413 0.016979995212044 0.007348019615428 0.047321367343570 0.000000000000000 0.000000000000000 0.000000000000000 0.000000000000000 2.772425588796732
0.114125601891442 2.215953250908760 0.015830976677408 0.467406828078155 2.349488438733984 0.006355587553651 0.093588097775869 0.000423574490147 0.031768770924433 0.076388099417411 0.001769230896803 0.040264136864598 0.000697707778924 0.016930735153554 0.052370704168754 0.017564317718741 0.114727344974745 0.002488535924296 0.122581026878251 0.229228940119799 1.498291292202730 0.025009844390223 0.027136033083912 0.109373395528878 0.972866593051047 0.000350978404127 0.000207940868298 0.003936235283746 8.607124219742689
0.005501072497808 0.009949208870270 0.860601415847737 0.115765208906539 0.635027354257899 0.000402013444888 0.002422195764552 0.109622099489225 0.006507451144094 0.061228892108015 0.000159708684948 0.000677359032662 0.068278368444166 0.007972251657089 0.027655973379030 0.003535115747843 0.003635998423486 0.189518732521070 0.023215675826093 0.138163138809492 0.869759535385353 0.106666823635835 0.007942311270813 0.148519906256250 1.523101002003897 0.069411424134076 0.018454761771754 0.319658541122905 5.333353540437789
0.309952835166194 0.239958440468901 1.069757543649571 6.426014595476778 5.630355178958856 0.021415220316848 0.025550137847343 0.027925865333322 0.210202915937794 0.269091843222528 0.011728212004328 0.016262398975149 0.071861049800101 0.294141737031334 0.124030200505515 0.050886659267574 0.058124925361813 0.076349246607610 0.818710072209464 0.456750322461746 5.611158903858620 0.194183072487056 0.085225222797519 0.527896335459899 2.144349557922322 0.121769397837547 0.071546262062300 0.397924639042708 25.363122792070740
0.449870373488887 1.107125278807378 1.031634225945915 5.002939386185318 40.390806441339670 0.002159951859801 0.005861203232373 0.001760922378096 0.017088367435190 0.095809299935043 0.000338515523347 0.000294689060650 0.002555838445882 0.008403213506173 0.010339773479141 0.050937035192628 0.095968264000518 0.064589432803873 0.611488941519986 2.022251515233379 71.562503833255676 0.054593247395433 0.014324134049801 1.231013266635189 12.670089852773799 0.003203950552453 0.000272045526009 0.146469355346151 136.654692354907723
0.010153272044127 0.000095864343746 0.000175023571531 0.025135733024589 0.005919585681414 0.051772685907301 0.000711728948683 0.000200822182144 0.147714205348720 0.031519777264028 0.000862531006297 0.000003493001394 0.000003086723279 0.005120620953928 0.000049829819968 0.010939431675204 0.000070291581872 0.000053879659327 0.040286870262687 0.007872001720226 0.014879183978958 0.070231919627711 0.000554958136581 0.016920088279850 0.000000000000000 0.000000000000000 0.000000000000000 0.000000000000000 0.441246884743567
0.005330484722039 0.482531412881656 0.000979656113788 0.050469613889201 0.136683872068894 0.016165664888773 0.239066527753074 0.002354850283232 0.082093452386627 0.244043074293007 0.000001567516816 0.000115505475360 0.000010913962615 0.000083909054869 0.000062373790044 0.000349930107309 0.054175443669090 0.000283918207514 0.028292276216182 0.031103732624145 0.019632849313795 0.118193871570337 0.000010164893584 0.005171646958198 0.000805262968165 0.042189037823905 0.000019045080776 0.004417842592509 1.564637901105503
0.000221014486220 0.000262741692379 0.046481427092755 0.004190818467669 0.029086833359145 0.000445343867596 0.001549788111578 0.042923682693453 0.003538469821710 0.032267892682751 0.000006826538040 0.000013311274571 0.001750207808867 0.000283255425139 0.000672047228073 0.000303359545594 0.000279685798032 0.013152624733638 0.001810104752897 0.010882602946411 0.089289234407727 0.053881345269554 0.000542988955843 0.012726453667853 0.121349150738259 0.024027452625899 0.000955014348467 0.034476890598882 0.527370568939003
0.006530142856756 0.033920072411016 0.049499175331465 0.253832935862967 0.194925172878373 0.050456826524647 0.044723065316962 0.028117078519544 0.329042106647992 0.532811627325494 0.000299691155885 0.000393642204801 0.003327683010983 0.010331157850626 0.006630602327699 0.003985237538237 0.009408737971846 0.015527268628057 0.124103260776155 0.079181207297943 0.147452354220209 0.418009089194049 0.004970490837573 0.066607144404968 0.078045054144738 0.064209843191941 0.001899479090366 0.038846082423930 2.597086229945220
0.001326460341166 0.002233414664569 0.011616381468125 0.016885661527622 0.067850589563660 0.112375764117412 0.226180939692846 0.086564615752288 0.597021123196347 4.168644886512665 0.000117149010758 0.000018328593606 0.000545272793603 0.001558699361704 0.003677726365851 0.009117655746320 0.017863242197490 0.010107162939726 0.079264472248273 0.234372292177383 0.078849572411882 5.841016629069664 0.002385124569827 0.173042448472011 0.034228298130581 1.850182480964633 0.000302111010322 0.023782110666377 13.651130613566709
0.002396713762878 0.000002495103278 0.000000111533313 0.006956137345569 0.000415602832905 0.000025331387184 0.000000199887291 0.000000000000000 0.000083328448800 0.000006152832303 0.029999958620478 0.000001720330323 0.000011316877361 0.181998046894437 0.000364137610050 0.001214078358067 0.000001838506100 0.000000547160788 0.003670273377360 0.000561425409235 0.049105018929979 0.001891566251385 0.069260646386185 0.006217385675805 0.000000000000000 0.000000000000000 0.000000000000000 0.000000000000000 0.354184033521073
0.001458533902359 0.126549599911164 0.002085662689688 0.015309371633530 0.034548745247865 0.000119855104119 0.004503396524814 0.000159627978341 0.001303169765300 0.002145736574515 0.004565711330549 0.296473572381994 0.000905724037513 0.114926003083883 0.167759110613053 0.000555799311738 0.057515803052367 0.000361959381782 0.027518026618960 0.029255304635684 0.010890593089991 0.000835104205716 0.033356704921462 0.004460071686457 0.003867787058649 0.000155646849398 0.077089843994160 0.000257117593915 1.018933583178965
0.000506582444427 0.000582885470367 0.084036393707160 0.009643505051638 0.048010580352037 0.000024107547921 0.000134022125976 0.007390439283257 0.000431176968858 0.004039112301536 0.000170786594930 0.001078855329630 0.114083968481613 0.007742261127649 0.045827763695640 0.000068246761545 0.000081898081138 0.008053663614030 0.000571259783024 0.003783838351068 0.048418181448288 0.013144496745562 0.200821795101297 0.019191913532495 0.159134530761955 0.006117898506425 0.066440924882358 0.014098971868646 0.863630059920469
0.004199732963412 0.008539482963010 0.047857168600532 0.172256385671496 0.159594507195315 0.000516856224755 0.001441500988756 0.001543584429145 0.010556011780881 0.016975925019986 0.042037961583100 0.025630505106914 0.085565810200498 0.499487301449255 0.264935654849739 0.004149670648377 0.004588356903216 0.008230666603239 0.067934444172430 0.043444838161832 0.253792496789443 0.025105586936741 0.889881529384821 0.072496167299589 0.202822812291891 0.008916591069201 0.017361041484850 0.045547924528150 2.985410515300575
0.000988065721889 0.001059059242474 0.009291222156791 0.014377733860487 0.013370555684274 0.000087100568875 0.000149204838379 0.000707830679925 0.000632389323103 0.001078189296746 0.029404867266286 0.073358031631672 0.140762946319643 0.477379815754668 1.155831588336990 0.000848655697892 0.001007413018714 0.001294404294945 0.006963541117190 0.010158822710303 0.025561812504411 0.002041975523317 3.921802218551085 0.011745400336932 0.018087891632911 0.000727907102180 1.148239943927497 0.001404154339670 7.068362741439248
0.047636398355570 0.000197416174757 0.000100636784040 0.075143552909251 0.013471246938024 0.002442334892467 0.000026195385524 0.000010016536137 0.006957236647145 0.001001784056671 0.001220751420162 0.000004094887433 0.000017131724686 0.007424880118796 0.000064238844133 3.607980739641230 0.018824423485526 0.004315725190975 12.555706270953047 2.188543441191481 0.056323804923473 0.007027195959684 0.003108291247242 9.380153440780886 0.000000000000000 0.000000000000000 0.000000000000000 0.000000000000000 27.977701249048344
0.015935348993749 0.541256812001087 0.002272420763286 0.086154091561681 0.337626972535474 0.001212754663434 0.048378719732672 0.000234636510641 0.013632159779869 0.022119970779516 0.000226030133923 0.007803264593822 0.000209248800878 0.004384564001730 0.005675634979886 0.540693704512614 14.334776065639716 0.174208926128379 11.878594703974846 12.984517564475604 0.110993838410046 0.004878323651963 0.003351346435676 3.098819744144062 0.002283158335930 0.000213738025163 0.000240021188926 0.292617036495012 44.513310801249595
0.001579647016513 0.002568781832771 0.240785068729164 0.033338177253730 0.161482633005463 0.000187734151069 0.001009172237022 0.041370023784629 0.004571861839153 0.027143269529705 0.000089188911477 0.000501606470976 0.042985659957138 0.005503821178681 0.018262183388698 0.082260182189814 0.141300310276889 8.388783665967921 1.195698424479434 3.605717328259161 0.317859898665954 0.064391441757881 0.016566488519779 5.446504952129544 0.379594818241872 0.024158592391449 0.034362559010451 7.176647831703694 27.455225322880032
0.041531427680063 0.080031398983144 0.284945084679142 1.325401428699729 1.097398919283491 0.008015496288949 0.020892179633854 0.023246138193225 0.170876117296385 0.238969542984881 0.005236590674288 0.009623128613579 0.067387442900763 0.267383170911312 0.100580230968939 3.943155578832792 3.979293993716624 7.177431482068530 80.416233190701874 44.996223879134540 1.905491621309171 0.265091935510274 0.139152428951488 33.544885914205061 1.051586842247944 0.086696067487821 0.097605102237831 13.394707718567290 194.739074052762987
0.014435714302351 0.080855015112510 0.043544348041789 0.191580536273349 1.237141624349591 0.002128860794719 0.009546464635563 0.003924016524959 0.015454629115374 0.162746461757725 0.001694195111130 0.002913857064447 0.006540339564231 0.035265125542687 0.087884888915355 3.063590386873132 7.960215496616721 4.915183868944440 38.505030034074750 128.798668368162879 0.672871627297252 0.074291673263901 0.043928952468616 170.658417400229666 0.046852616557499 0.017166394182384 0.004897811293308 60.419101224991628 417.075871932061943
1.217392328054984 3.672816313242160 1.531805180111264 9.561378344503263 84.016607834088333 0.158794239958131 0.838895104458910 0.148890739591218 0.930447593236623 7.660348733758275 0.218815619603578 0.543501736413425 0.256129920047430 1.006631972008986 4.995620574166627 16.553456673724675 17.661403651591133 6.405264913990386 48.105779712791964 221.187171468210295 0.000000000000000 0.000000000000000 0.000000000000000 0.000000000000000 0.000000000000000 0.000000000000000 0.000000000000000 0.000000000000000 426.671152653551587
2.772425579602510 8.607124188982372 5.333353518904707 25.363122695404130 136.654691655838064 0.441246883721098 1.564637897488113 0.527370566844456 2.597086222923458 13.651130569164584 0.354184031307184 1.018933579439166 0.863630054138240 2.985410496387386 7.068362674035673 27.977701289465582 44.513310847878479 27.455225358218303 194.739074281624539 417.075872591907284 83.678183010078399 7.357465137658329 5.471669850178532 224.581484443027136 19.409065228861461 2.319497401148602 1.539893907777673 82.313893677165211 1348.235047639170489
